############
# A teapot #
############
.userdefs
location = 0.0 , 0.0 , 250.0
direction = 0.0 , 0.0 , 0.0
radius = 2.5
sky = 0.8 , 0.8 , 1.0
ground = 1.0 , 0.8 , 0.6
.end_userdefs

.masterdefs
no_objects = 1

master_no = 1
.objectdef
	no_vertices = 530
		1 = 40.6266 , 28.3457 , -1.10804
		2 = 40.0714 , 30.4443 , -1.10804
		3 = 40.7155 , 31.1438 , -1.10804
		4 = 42.0257 , 30.4443 , -1.10804
		5 = 43.4692 , 28.3457 , -1.10804
		6 = 37.5425 , 28.3457 , 14.5117
		7 = 37.0303 , 30.4443 , 14.2938
		8 = 37.6244 , 31.1438 , 14.5466
		9 = 38.8331 , 30.4443 , 15.0609
		10 = 40.1647 , 28.3457 , 15.6274
		11 = 29.0859 , 28.3457 , 27.1468
		12 = 28.6917 , 30.4443 , 26.7527
		13 = 29.149 , 31.1438 , 27.2099
		14 = 30.0792 , 30.4443 , 28.1402
		15 = 31.1041 , 28.3457 , 29.165
		16 = 16.4508 , 28.3457 , 35.6034
		17 = 16.2329 , 30.4443 , 35.0912
		18 = 16.4857 , 31.1438 , 35.6853
		19 = 16.9999 , 30.4443 , 36.894
		20 = 17.5665 , 28.3457 , 38.2256
		21 = 0.831025 , 28.3457 , 38.6876
		22 = 0.831025 , 30.4443 , 38.1324
		23 = 0.831025 , 31.1438 , 38.7764
		24 = 0.831025 , 30.4443 , 40.0866
		25 = 0.831025 , 28.3457 , 41.5301
		26 = -15.868 , 28.3457 , 35.6034
		27 = -15.0262 , 30.4443 , 35.0912
		28 = -14.9585 , 31.1438 , 35.6853
		29 = -15.3547 , 30.4443 , 36.894
		30 = -15.9044 , 28.3457 , 38.2256
		31 = -28.3832 , 28.3457 , 27.1468
		32 = -27.4344 , 30.4443 , 26.7527
		33 = -27.6068 , 31.1438 , 27.2099
		34 = -28.4322 , 30.4443 , 28.1402
		35 = -29.4421 , 28.3457 , 29.165
		36 = -36.2402 , 28.3457 , 14.5117
		37 = -35.52 , 30.4443 , 14.2938
		38 = -36.0073 , 31.1438 , 14.5466
		39 = -37.1767 , 30.4443 , 15.0609
		40 = -38.5027 , 28.3457 , 15.6274
		41 = -38.9646 , 28.3457 , -1.10804
		42 = -38.4094 , 30.4443 , -1.10804
		43 = -39.0534 , 31.1438 , -1.10804
		44 = -40.3636 , 30.4443 , -1.10804
		45 = -41.8071 , 28.3457 , -1.10804
		46 = -35.8804 , 28.3457 , -16.7278
		47 = -35.3683 , 30.4443 , -16.5099
		48 = -35.9624 , 31.1438 , -16.7627
		49 = -37.1711 , 30.4443 , -17.2769
		50 = -38.5027 , 28.3457 , -17.8435
		51 = -27.4238 , 28.3457 , -29.3629
		52 = -27.0297 , 30.4443 , -28.9687
		53 = -27.4869 , 31.1438 , -29.426
		54 = -28.4172 , 30.4443 , -30.3562
		55 = -29.4421 , 28.3457 , -31.3811
		56 = -14.7887 , 28.3457 , -37.8195
		57 = -14.5708 , 30.4443 , -37.3073
		58 = -14.8236 , 31.1438 , -37.9014
		59 = -15.3379 , 30.4443 , -39.1101
		60 = -15.9044 , 28.3457 , -40.4417
		61 = 0.831025 , 28.3457 , -40.9036
		62 = 0.831025 , 30.4443 , -40.3484
		63 = 0.831025 , 31.1438 , -40.9925
		64 = 0.831025 , 30.4443 , -42.3027
		65 = 0.831025 , 28.3457 , -43.7462
		66 = 16.4508 , 28.3457 , -37.8195
		67 = 16.2329 , 30.4443 , -37.3073
		68 = 16.4857 , 31.1438 , -37.9014
		69 = 16.9999 , 30.4443 , -39.1101
		70 = 17.5665 , 28.3457 , -40.4417
		71 = 29.0859 , 28.3457 , -29.3629
		72 = 28.6917 , 30.4443 , -28.9687
		73 = 29.149 , 31.1438 , -29.426
		74 = 30.0792 , 30.4443 , -30.3562
		75 = 31.1041 , 28.3457 , -31.3811
		76 = 37.5425 , 28.3457 , -16.7278
		77 = 37.0303 , 30.4443 , -16.5099
		78 = 37.6244 , 31.1438 , -16.7627
		79 = 38.8331 , 30.4443 , -17.2769
		80 = 40.1647 , 28.3457 , -17.8435
		81 = 48.6879 , 17.1865 , -1.10804
		82 = 53.2404 , 6.22714 , -1.10804
		83 = 56.4605 , -4.33246 , -1.10804
		84 = 57.6819 , -14.2925 , -1.10804
		85 = 44.979 , 17.1865 , 17.6758
		86 = 49.1787 , 6.22714 , 19.4626
		87 = 52.1492 , -4.33246 , 20.7265
		88 = 53.2759 , -14.2925 , 21.2059
		89 = 34.8094 , 17.1865 , 32.8703
		90 = 38.0417 , 6.22714 , 36.1026
		91 = 40.3279 , -4.33246 , 38.3889
		92 = 41.1951 , -14.2925 , 39.2561
		93 = 19.6148 , 17.1865 , 43.0399
		94 = 21.4017 , 6.22714 , 47.2396
		95 = 22.6656 , -4.33246 , 50.2101
		96 = 23.145 , -14.2925 , 51.3369
		97 = 0.831025 , 17.1865 , 46.7488
		98 = 0.831025 , 6.22714 , 51.3013
		99 = 0.831025 , -4.33246 , 54.5214
		100 = 0.831025 , -14.2925 , 55.7428
		101 = -17.9528 , 17.1865 , 43.0399
		102 = -19.7397 , 6.22714 , 47.2396
		103 = -21.0035 , -4.33246 , 50.2101
		104 = -21.4829 , -14.2925 , 51.3369
		105 = -33.1474 , 17.1865 , 32.8703
		106 = -36.3796 , 6.22714 , 36.1026
		107 = -38.6659 , -4.33246 , 38.3889
		108 = -39.5331 , -14.2925 , 39.2561
		109 = -43.3169 , 17.1865 , 17.6758
		110 = -47.5166 , 6.22714 , 19.4626
		111 = -50.4871 , -4.33246 , 20.7265
		112 = -51.6139 , -14.2925 , 21.2059
		113 = -47.0258 , 17.1865 , -1.10804
		114 = -51.5784 , 6.22714 , -1.10804
		115 = -54.7984 , -4.33246 , -1.10804
		116 = -56.0198 , -14.2925 , -1.10804
		117 = -43.3169 , 17.1865 , -19.8919
		118 = -47.5166 , 6.22714 , -21.6787
		119 = -50.4871 , -4.33246 , -22.9426
		120 = -51.6139 , -14.2925 , -23.422
		121 = -33.1474 , 17.1865 , -35.0864
		122 = -36.3796 , 6.22714 , -38.3187
		123 = -38.6659 , -4.33246 , -40.6049
		124 = -39.5331 , -14.2925 , -41.4721
		125 = -17.9528 , 17.1865 , -45.256
		126 = -19.7397 , 6.22714 , -49.4557
		127 = -21.0035 , -4.33246 , -52.4262
		128 = -21.4829 , -14.2925 , -53.5529
		129 = 0.831025 , 17.1865 , -48.9649
		130 = 0.831025 , 6.22714 , -53.5174
		131 = 0.831025 , -4.33246 , -56.7375
		132 = 0.831025 , -14.2925 , -57.9589
		133 = 19.6148 , 17.1865 , -45.256
		134 = 21.4017 , 6.22714 , -49.4557
		135 = 22.6656 , -4.33246 , -52.4262
		136 = 23.145 , -14.2925 , -53.5529
		137 = 34.8094 , 17.1865 , -35.0864
		138 = 38.0417 , 6.22714 , -38.3187
		139 = 40.3279 , -4.33246 , -40.6049
		140 = 41.1951 , -14.2925 , -41.4721
		141 = 44.979 , 17.1865 , -19.8919
		142 = 49.1787 , 6.22714 , -21.6787
		143 = 52.1492 , -4.33246 , -22.9426
		144 = 53.2759 , -14.2925 , -23.422
		145 = 55.4611 , -22.7202 , -1.10804
		146 = 50.5755 , -28.9493 , -1.10804
		147 = 45.6899 , -33.1798 , -1.10804
		148 = 43.4692 , -35.6115 , -1.10804
		149 = 51.2273 , -22.7202 , 20.3343
		150 = 46.7203 , -28.9493 , 18.4167
		151 = 42.2133 , -33.1798 , 16.4991
		152 = 40.1647 , -35.6115 , 15.6274
		153 = 39.6184 , -22.7202 , 37.6793
		154 = 36.1496 , -28.9493 , 34.2106
		155 = 32.6808 , -33.1798 , 30.7418
		156 = 31.1041 , -35.6115 , 29.165
		157 = 22.2733 , -22.7202 , 49.2882
		158 = 20.3557 , -28.9493 , 44.7813
		159 = 18.4381 , -33.1798 , 40.2743
		160 = 17.5665 , -35.6115 , 38.2256
		161 = 0.831025 , -22.7202 , 53.5221
		162 = 0.831025 , -28.9493 , 48.6365
		163 = 0.831025 , -33.1798 , 43.7508
		164 = 0.831025 , -35.6115 , 41.5301
		165 = -20.6113 , -22.7202 , 49.2882
		166 = -18.6937 , -28.9493 , 44.7813
		167 = -16.7761 , -33.1798 , 40.2743
		168 = -15.9044 , -35.6115 , 38.2256
		169 = -37.9564 , -22.7202 , 37.6793
		170 = -34.4876 , -28.9493 , 34.2106
		171 = -31.0188 , -33.1798 , 30.7418
		172 = -29.4421 , -35.6115 , 29.165
		173 = -49.5653 , -22.7202 , 20.3343
		174 = -45.0583 , -28.9493 , 18.4167
		175 = -40.5513 , -33.1798 , 16.4991
		176 = -38.5027 , -35.6115 , 15.6274
		177 = -53.7991 , -22.7202 , -1.10804
		178 = -48.9135 , -28.9493 , -1.10804
		179 = -44.0279 , -33.1798 , -1.10804
		180 = -41.8071 , -35.6115 , -1.10804
		181 = -49.5653 , -22.7202 , -22.5504
		182 = -45.0583 , -28.9493 , -20.6327
		183 = -40.5513 , -33.1798 , -18.7151
		184 = -38.5027 , -35.6115 , -17.8435
		185 = -37.9564 , -22.7202 , -39.8954
		186 = -34.4876 , -28.9493 , -36.4266
		187 = -31.0188 , -33.1798 , -32.9578
		188 = -29.4421 , -35.6115 , -31.3811
		189 = -20.6113 , -22.7202 , -51.5043
		190 = -18.6937 , -28.9493 , -46.9973
		191 = -16.7761 , -33.1798 , -42.4903
		192 = -15.9044 , -35.6115 , -40.4417
		193 = 0.831025 , -22.7202 , -55.7382
		194 = 0.831025 , -28.9493 , -50.8525
		195 = 0.831025 , -33.1798 , -45.9669
		196 = 0.831025 , -35.6115 , -43.7462
		197 = 22.2733 , -22.7202 , -51.5043
		198 = 20.3557 , -28.9493 , -46.9973
		199 = 18.4381 , -33.1798 , -42.4903
		200 = 17.5665 , -35.6115 , -40.4417
		201 = 39.6184 , -22.7202 , -39.8954
		202 = 36.1496 , -28.9493 , -36.4266
		203 = 32.6808 , -33.1798 , -32.9578
		204 = 31.1041 , -35.6115 , -31.3811
		205 = 51.2273 , -22.7202 , -22.5504
		206 = 46.7203 , -28.9493 , -20.6327
		207 = 42.2133 , -33.1798 , -18.7151
		208 = 40.1647 , -35.6115 , -17.8435
		209 = 42.5031 , -37.1772 , -1.10804
		210 = 37.3399 , -38.5429 , -1.10804
		211 = 24.5818 , -39.5089 , -1.10804
		212 = 0.831025 , -39.8754 , -1.10804
		213 = 39.2736 , -37.1772 , 15.2483
		214 = 34.5105 , -38.5429 , 13.2217
		215 = 22.7411 , -39.5089 , 8.21414
		216 = 30.4182 , -37.1772 , 28.4792
		217 = 26.7523 , -38.5429 , 24.8133
		218 = 17.6941 , -39.5089 , 15.755
		219 = 17.1873 , -37.1772 , 37.3345
		220 = 15.1608 , -38.5429 , 32.5714
		221 = 10.1532 , -39.5089 , 20.8021
		222 = 0.831025 , -37.1772 , 40.5641
		223 = 0.831025 , -38.5429 , 35.4009
		224 = 0.831025 , -39.5089 , 22.6427
		225 = -15.5253 , -37.1772 , 37.3345
		226 = -13.4987 , -38.5429 , 32.5714
		227 = -8.49115 , -39.5089 , 20.8021
		228 = -28.7562 , -37.1772 , 28.4792
		229 = -25.0903 , -38.5429 , 24.8133
		230 = -16.032 , -39.5089 , 15.755
		231 = -37.6115 , -37.1772 , 15.2483
		232 = -32.8484 , -38.5429 , 13.2217
		233 = -21.0791 , -39.5089 , 8.21414
		234 = -40.8411 , -37.1772 , -1.10804
		235 = -35.6779 , -38.5429 , -1.10804
		236 = -22.9198 , -39.5089 , -1.10804
		237 = -37.6115 , -37.1772 , -17.4643
		238 = -32.8484 , -38.5429 , -15.4378
		239 = -21.0791 , -39.5089 , -10.4302
		240 = -28.7562 , -37.1772 , -30.6952
		241 = -25.0903 , -38.5429 , -27.0294
		242 = -16.032 , -39.5089 , -17.9711
		243 = -15.5253 , -37.1772 , -39.5506
		244 = -13.4987 , -38.5429 , -34.7875
		245 = -8.49115 , -39.5089 , -23.0181
		246 = 0.831025 , -37.1772 , -42.7802
		247 = 0.831025 , -38.5429 , -37.6169
		248 = 0.831025 , -39.5089 , -24.8588
		249 = 17.1873 , -37.1772 , -39.5506
		250 = 15.1608 , -38.5429 , -34.7875
		251 = 10.1532 , -39.5089 , -23.0181
		252 = 30.4182 , -37.1772 , -30.6952
		253 = 26.7523 , -38.5429 , -27.0294
		254 = 17.6941 , -39.5089 , -17.9711
		255 = 39.2736 , -37.1772 , -17.4643
		256 = 34.5105 , -38.5429 , -15.4378
		257 = 22.7411 , -39.5089 , -10.4302
		258 = -44.6497 , 17.6861 , -1.10804
		259 = -57.9297 , 17.5862 , -1.10804
		260 = -67.7453 , 16.8867 , -1.10804
		261 = -73.8301 , 14.9879 , -1.10804
		262 = -75.9176 , 11.2904 , -1.10804
		263 = -44.2055 , 18.6855 , 3.68876
		264 = -58.3252 , 18.5699 , 3.68876
		265 = -68.6891 , 17.7611 , 3.68876
		266 = -75.0724 , 15.5657 , 3.68876
		267 = -77.2501 , 11.2904 , 3.68876
		268 = -43.2284 , 20.884 , 5.28769
		269 = -59.1955 , 20.7341 , 5.28769
		270 = -70.7655 , 19.6848 , 5.28769
		271 = -77.8053 , 16.8367 , 5.28769
		272 = -80.1814 , 11.2904 , 5.28769
		273 = -42.2513 , 23.0825 , 3.68876
		274 = -60.0657 , 22.8983 , 3.68876
		275 = -72.8419 , 21.6085 , 3.68876
		276 = -80.5381 , 18.1077 , 3.68876
		277 = -83.1128 , 11.2904 , 3.68876
		278 = -41.8071 , 24.0819 , -1.10804
		279 = -60.4613 , 23.882 , -1.10804
		280 = -73.7857 , 22.4829 , -1.10804
		281 = -81.7804 , 18.6855 , -1.10804
		282 = -84.4453 , 11.2904 , -1.10804
		283 = -42.2513 , 23.0825 , -5.90483
		284 = -60.0657 , 22.8983 , -5.90483
		285 = -72.8419 , 21.6085 , -5.90483
		286 = -80.5381 , 18.1077 , -5.90483
		287 = -83.1128 , 11.2904 , -5.90483
		288 = -43.2284 , 20.884 , -7.50376
		289 = -59.1955 , 20.7341 , -7.50376
		290 = -70.7655 , 19.6848 , -7.50376
		291 = -77.8053 , 16.8367 , -7.50376
		292 = -80.1814 , 11.2904 , -7.50376
		293 = -44.2055 , 18.6855 , -5.90483
		294 = -58.3252 , 18.5699 , -5.90483
		295 = -68.6891 , 17.7611 , -5.90483
		296 = -75.0724 , 15.5657 , -5.90483
		297 = -77.2501 , 11.2904 , -5.90483
		298 = -74.8073 , 5.4943 , -1.10804
		299 = -71.2985 , -1.50103 , -1.10804
		300 = -65.1248 , -8.49634 , -1.10804
		301 = -56.0198 , -14.2925 , -1.10804
		302 = -76.0183 , 4.93477 , 3.68876
		303 = -72.159 , -2.35462 , 3.68876
		304 = -65.4267 , -9.55033 , 3.68876
		305 = -55.5757 , -15.6249 , 3.68876
		306 = -78.6824 , 3.70383 , 5.28769
		307 = -74.0522 , -4.23253 , 5.28769
		308 = -66.0909 , -11.8691 , 5.28769
		309 = -54.5986 , -18.5563 , 5.28769
		310 = -81.3466 , 2.47288 , 3.68876
		311 = -75.9454 , -6.11044 , 3.68876
		312 = -66.755 , -14.1878 , 3.68876
		313 = -53.6214 , -21.4877 , 3.68876
		314 = -82.5576 , 1.91336 , -1.10804
		315 = -76.8059 , -6.96404 , -1.10804
		316 = -67.0569 , -15.2418 , -1.10804
		317 = -53.1773 , -22.8201 , -1.10804
		318 = -81.3466 , 2.47288 , -5.90483
		319 = -75.9454 , -6.11044 , -5.90483
		320 = -66.755 , -14.1878 , -5.90483
		321 = -53.6214 , -21.4877 , -5.90483
		322 = -78.6824 , 3.70383 , -7.50376
		323 = -74.0522 , -4.23253 , -7.50376
		324 = -66.0909 , -11.8691 , -7.50376
		325 = -54.5986 , -18.5563 , -7.50376
		326 = -76.0183 , 4.93477 , -5.90483
		327 = -72.159 , -2.35462 , -5.90483
		328 = -65.4267 , -9.55033 , -5.90483
		329 = -55.5757 , -15.6249 , -5.90483
		330 = 49.1543 , 0.630882 , -1.10804
		331 = 62.7896 , 3.76212 , -1.10804
		332 = 68.6967 , 11.2904 , -1.10804
		333 = 71.939 , 20.4176 , -1.10804
		334 = 77.5797 , 28.3457 , -1.10804
		335 = 49.1543 , -3.03333 , 9.4449
		336 = 63.8305 , 1.04519 , 8.42059
		337 = 70.0292 , 9.70814 , 6.1671
		338 = 73.5629 , 19.8451 , 3.91361
		339 = 80.2446 , 28.3457 , 2.88929
		340 = 49.1543 , -11.0946 , 12.9626
		341 = 66.1207 , -4.93206 , 11.5968
		342 = 72.9605 , 6.22714 , 8.59214
		343 = 77.1355 , 18.5855 , 5.58749
		344 = 86.1073 , 28.3457 , 4.22173
		345 = 49.1543 , -19.1559 , 9.4449
		346 = 68.4108 , -10.9093 , 8.42059
		347 = 75.8919 , 2.74614 , 6.1671
		348 = 80.7081 , 17.326 , 3.91361
		349 = 91.97 , 28.3457 , 2.88929
		350 = 49.1543 , -22.8201 , -1.10804
		351 = 69.4518 , -13.6262 , -1.10804
		352 = 77.2244 , 1.16386 , -1.10804
		353 = 82.3321 , 16.7534 , -1.10804
		354 = 94.6349 , 28.3457 , -1.10804
		355 = 49.1543 , -19.1559 , -11.661
		356 = 68.4108 , -10.9093 , -10.6367
		357 = 75.8919 , 2.74614 , -8.38317
		358 = 80.7081 , 17.326 , -6.12968
		359 = 91.97 , 28.3457 , -5.10536
		360 = 49.1543 , -11.0946 , -15.1786
		361 = 66.1207 , -4.93206 , -13.8129
		362 = 72.9605 , 6.22714 , -10.8082
		363 = 77.1355 , 18.5855 , -7.80356
		364 = 86.1073 , 28.3457 , -6.4378
		365 = 49.1543 , -3.03333 , -11.661
		366 = 63.8305 , 1.04519 , -10.6367
		367 = 70.0292 , 9.70814 , -8.38317
		368 = 73.5629 , 19.8451 , -6.12968
		369 = 80.2446 , 28.3457 , -5.10536
		370 = 79.6227 , 29.5449 , -1.10804
		371 = 81.1329 , 29.9446 , -1.10804
		372 = 81.577 , 29.5449 , -1.10804
		373 = 80.4222 , 28.3457 , -1.10804
		374 = 82.4767 , 29.6034 , 2.63946
		375 = 83.8116 , 30.0383 , 2.08983
		376 = 83.8515 , 29.6268 , 1.54019
		377 = 82.1988 , 28.3457 , 1.29036
		378 = 88.7555 , 29.7322 , 3.88862
		379 = 89.7049 , 30.2444 , 3.15578
		380 = 88.8555 , 29.8072 , 2.42294
		381 = 86.1073 , 28.3457 , 2.08983
		382 = 95.0343 , 29.8611 , 2.63946
		383 = 95.5982 , 30.4505 , 2.08983
		384 = 93.8594 , 29.9875 , 1.54019
		385 = 90.0158 , 28.3457 , 1.29036
		386 = 97.8883 , 29.9196 , -1.10804
		387 = 98.2769 , 30.5442 , -1.10804
		388 = 96.1339 , 30.0695 , -1.10804
		389 = 91.7924 , 28.3457 , -1.10804
		390 = 95.0343 , 29.8611 , -4.85553
		391 = 95.5982 , 30.4505 , -4.3059
		392 = 93.8594 , 29.9875 , -3.75626
		393 = 90.0158 , 28.3457 , -3.50643
		394 = 88.7555 , 29.7322 , -6.10469
		395 = 89.7049 , 30.2444 , -5.37185
		396 = 88.8555 , 29.8072 , -4.63901
		397 = 86.1073 , 28.3457 , -4.3059
		398 = 82.4767 , 29.6034 , -4.85553
		399 = 83.8116 , 30.0383 , -4.3059
		400 = 83.8515 , 29.6268 , -3.75626
		401 = 82.1988 , 28.3457 , -3.50643
		402 = 0.831025 , 49.6647 , -1.10804
		403 = 10.5134 , 48.2657 , -1.10804
		404 = 10.0693 , 44.868 , -1.10804
		405 = 6.42728 , 40.6708 , -1.10804
		406 = 6.51611 , 36.8733 , -1.10804
		407 = 9.76642 , 48.2657 , 2.70243
		408 = 9.35632 , 44.868 , 2.52698
		409 = 5.9947 , 40.6708 , 1.09187
		410 = 6.07552 , 36.8733 , 1.12336
		411 = 7.71453 , 48.2657 , 5.77547
		412 = 7.39819 , 44.868 , 5.45913
		413 = 4.80736 , 40.6708 , 2.8683
		414 = 4.86744 , 36.8733 , 2.92838
		415 = 4.64149 , 48.2657 , 7.82736
		416 = 4.46604 , 44.868 , 7.41726
		417 = 3.03093 , 40.6708 , 4.05564
		418 = 3.06242 , 36.8733 , 4.13646
		419 = 0.831025 , 48.2657 , 8.57438
		420 = 0.831025 , 44.868 , 8.13023
		421 = 0.831025 , 40.6708 , 4.48822
		422 = 0.831025 , 36.8733 , 4.57705
		423 = -2.97944 , 48.2657 , 7.82736
		424 = -2.80399 , 44.868 , 7.41726
		425 = -1.36888 , 40.6708 , 4.05564
		426 = -1.40037 , 36.8733 , 4.13646
		427 = -6.05248 , 48.2657 , 5.77547
		428 = -5.73614 , 44.868 , 5.45913
		429 = -3.14531 , 40.6708 , 2.8683
		430 = -3.20539 , 36.8733 , 2.92838
		431 = -8.10437 , 48.2657 , 2.70243
		432 = -7.69427 , 44.868 , 2.52698
		433 = -4.33265 , 40.6708 , 1.09187
		434 = -4.41347 , 36.8733 , 1.12336
		435 = -8.85139 , 48.2657 , -1.10804
		436 = -8.40724 , 44.868 , -1.10804
		437 = -4.76523 , 40.6708 , -1.10804
		438 = -4.85406 , 36.8733 , -1.10804
		439 = -8.10437 , 48.2657 , -4.9185
		440 = -7.69427 , 44.868 , -4.74305
		441 = -4.33265 , 40.6708 , -3.30794
		442 = -4.41347 , 36.8733 , -3.33943
		443 = -6.05248 , 48.2657 , -7.99154
		444 = -5.73614 , 44.868 , -7.6752
		445 = -3.14531 , 40.6708 , -5.08437
		446 = -3.20539 , 36.8733 , -5.14445
		447 = -2.97944 , 48.2657 , -10.0434
		448 = -2.80399 , 44.868 , -9.63333
		449 = -1.36888 , 40.6708 , -6.27171
		450 = -1.40037 , 36.8733 , -6.35253
		451 = 0.831025 , 48.2657 , -10.7904
		452 = 0.831025 , 44.868 , -10.3463
		453 = 0.831025 , 40.6708 , -6.70429
		454 = 0.831025 , 36.8733 , -6.79312
		455 = 4.64149 , 48.2657 , -10.0434
		456 = 4.46604 , 44.868 , -9.63333
		457 = 3.03093 , 40.6708 , -6.27171
		458 = 3.06242 , 36.8733 , -6.35253
		459 = 7.71453 , 48.2657 , -7.99154
		460 = 7.39819 , 44.868 , -7.6752
		461 = 4.80736 , 40.6708 , -5.08437
		462 = 4.86744 , 36.8733 , -5.14445
		463 = 9.76642 , 48.2657 , -4.9185
		464 = 9.35632 , 44.868 , -4.74305
		465 = 5.9947 , 40.6708 , -3.30794
		466 = 6.07552 , 36.8733 , -3.33943
		467 = 13.8001 , 34.3417 , -1.10804
		468 = 24.282 , 32.6095 , -1.10804
		469 = 33.6979 , 30.8773 , -1.10804
		470 = 37.7841 , 28.3457 , -1.10804
		471 = 12.795 , 34.3417 , 3.98234
		472 = 22.4646 , 32.6095 , 8.09647
		473 = 31.1507 , 30.8773 , 11.7922
		474 = 34.9202 , 28.3457 , 13.396
		475 = 10.0391 , 34.3417 , 8.10003
		476 = 17.4812 , 32.6095 , 15.5422
		477 = 24.1665 , 30.8773 , 22.2275
		478 = 27.0677 , 28.3457 , 25.1286
		479 = 5.9214 , 34.3417 , 10.856
		480 = 10.0355 , 32.6095 , 20.5255
		481 = 13.7313 , 30.8773 , 29.2117
		482 = 15.3351 , 28.3457 , 32.9812
		483 = 0.831025 , 34.3417 , 11.8611
		484 = 0.831025 , 32.6095 , 22.3429
		485 = 0.831025 , 30.8773 , 31.7589
		486 = 0.831025 , 28.3457 , 35.845
		487 = -4.25935 , 34.3417 , 10.856
		488 = -8.37348 , 32.6095 , 20.5255
		489 = -12.0692 , 30.8773 , 29.2117
		490 = -13.673 , 28.3457 , 32.9812
		491 = -8.37704 , 34.3417 , 8.10003
		492 = -15.8192 , 32.6095 , 15.5422
		493 = -22.5045 , 30.8773 , 22.2275
		494 = -25.4056 , 28.3457 , 25.1286
		495 = -11.133 , 34.3417 , 3.98234
		496 = -20.8025 , 32.6095 , 8.09647
		497 = -29.4887 , 30.8773 , 11.7922
		498 = -33.2582 , 28.3457 , 13.396
		499 = -12.1381 , 34.3417 , -1.10804
		500 = -22.62 , 32.6095 , -1.10804
		501 = -32.0359 , 30.8773 , -1.10804
		502 = -36.122 , 28.3457 , -1.10804
		503 = -11.133 , 34.3417 , -6.19841
		504 = -20.8025 , 32.6095 , -10.3125
		505 = -29.4887 , 30.8773 , -14.0083
		506 = -33.2582 , 28.3457 , -15.6121
		507 = -8.37704 , 34.3417 , -10.3161
		508 = -15.8192 , 32.6095 , -17.7582
		509 = -22.5045 , 30.8773 , -24.4435
		510 = -25.4056 , 28.3457 , -27.3447
		511 = -4.25935 , 34.3417 , -13.072
		512 = -8.37348 , 32.6095 , -22.7416
		513 = -12.0692 , 30.8773 , -31.4277
		514 = -13.673 , 28.3457 , -35.1972
		515 = 0.831025 , 34.3417 , -14.0771
		516 = 0.831025 , 32.6095 , -24.559
		517 = 0.831025 , 30.8773 , -33.9749
		518 = 0.831025 , 28.3457 , -38.0611
		519 = 5.9214 , 34.3417 , -13.072
		520 = 10.0355 , 32.6095 , -22.7416
		521 = 13.7313 , 30.8773 , -31.4277
		522 = 15.3351 , 28.3457 , -35.1972
		523 = 10.0391 , 34.3417 , -10.3161
		524 = 17.4812 , 32.6095 , -17.7582
		525 = 24.1665 , 30.8773 , -24.4435
		526 = 27.0677 , 28.3457 , -27.3447
		527 = 12.795 , 34.3417 , -6.19841
		528 = 22.4646 , 32.6095 , -10.3125
		529 = 31.1507 , 30.8773 , -14.0083
		530 = 34.9202 , 28.3457 , -15.6121

no_polygons = 1024
		1 = 7 , 6 , 1
		2 = 1 , 2 , 7
		3 = 8 , 7 , 2
		4 = 2 , 3 , 8
		5 = 9 , 8 , 3
		6 = 3 , 4 , 9
		7 = 10 , 9 , 4
		8 = 4 , 5 , 10
		9 = 12 , 11 , 6
		10 = 6 , 7 , 12
		11 = 13 , 12 , 7
		12 = 7 , 8 , 13
		13 = 14 , 13 , 8
		14 = 8 , 9 , 14
		15 = 15 , 14 , 9
		16 = 9 , 10 , 15
		17 = 17 , 16 , 11
		18 = 11 , 12 , 17
		19 = 18 , 17 , 12
		20 = 12 , 13 , 18
		21 = 19 , 18 , 13
		22 = 13 , 14 , 19
		23 = 20 , 19 , 14
		24 = 14 , 15 , 20
		25 = 22 , 21 , 16
		26 = 16 , 17 , 22
		27 = 23 , 22 , 17
		28 = 17 , 18 , 23
		29 = 24 , 23 , 18
		30 = 18 , 19 , 24
		31 = 25 , 24 , 19
		32 = 19 , 20 , 25
		33 = 27 , 26 , 21
		34 = 21 , 22 , 27
		35 = 28 , 27 , 22
		36 = 22 , 23 , 28
		37 = 29 , 28 , 23
		38 = 23 , 24 , 29
		39 = 30 , 29 , 24
		40 = 24 , 25 , 30
		41 = 32 , 31 , 26
		42 = 26 , 27 , 32
		43 = 33 , 32 , 27
		44 = 27 , 28 , 33
		45 = 34 , 33 , 28
		46 = 28 , 29 , 34
		47 = 35 , 34 , 29
		48 = 29 , 30 , 35
		49 = 37 , 36 , 31
		50 = 31 , 32 , 37
		51 = 38 , 37 , 32
		52 = 32 , 33 , 38
		53 = 39 , 38 , 33
		54 = 33 , 34 , 39
		55 = 40 , 39 , 34
		56 = 34 , 35 , 40
		57 = 42 , 41 , 36
		58 = 36 , 37 , 42
		59 = 43 , 42 , 37
		60 = 37 , 38 , 43
		61 = 44 , 43 , 38
		62 = 38 , 39 , 44
		63 = 45 , 44 , 39
		64 = 39 , 40 , 45
		65 = 47 , 46 , 41
		66 = 41 , 42 , 47
		67 = 48 , 47 , 42
		68 = 42 , 43 , 48
		69 = 49 , 48 , 43
		70 = 43 , 44 , 49
		71 = 50 , 49 , 44
		72 = 44 , 45 , 50
		73 = 52 , 51 , 46
		74 = 46 , 47 , 52
		75 = 53 , 52 , 47
		76 = 47 , 48 , 53
		77 = 54 , 53 , 48
		78 = 48 , 49 , 54
		79 = 55 , 54 , 49
		80 = 49 , 50 , 55
		81 = 57 , 56 , 51
		82 = 51 , 52 , 57
		83 = 58 , 57 , 52
		84 = 52 , 53 , 58
		85 = 59 , 58 , 53
		86 = 53 , 54 , 59
		87 = 60 , 59 , 54
		88 = 54 , 55 , 60
		89 = 62 , 61 , 56
		90 = 56 , 57 , 62
		91 = 63 , 62 , 57
		92 = 57 , 58 , 63
		93 = 64 , 63 , 58
		94 = 58 , 59 , 64
		95 = 65 , 64 , 59
		96 = 59 , 60 , 65
		97 = 67 , 66 , 61
		98 = 61 , 62 , 67
		99 = 68 , 67 , 62
		100 = 62 , 63 , 68
		101 = 69 , 68 , 63
		102 = 63 , 64 , 69
		103 = 70 , 69 , 64
		104 = 64 , 65 , 70
		105 = 72 , 71 , 66
		106 = 66 , 67 , 72
		107 = 73 , 72 , 67
		108 = 67 , 68 , 73
		109 = 74 , 73 , 68
		110 = 68 , 69 , 74
		111 = 75 , 74 , 69
		112 = 69 , 70 , 75
		113 = 77 , 76 , 71
		114 = 71 , 72 , 77
		115 = 78 , 77 , 72
		116 = 72 , 73 , 78
		117 = 79 , 78 , 73
		118 = 73 , 74 , 79
		119 = 80 , 79 , 74
		120 = 74 , 75 , 80
		121 = 2 , 1 , 76
		122 = 76 , 77 , 2
		123 = 3 , 2 , 77
		124 = 77 , 78 , 3
		125 = 4 , 3 , 78
		126 = 78 , 79 , 4
		127 = 5 , 4 , 79
		128 = 79 , 80 , 5
		129 = 85 , 10 , 5
		130 = 5 , 81 , 85
		131 = 86 , 85 , 81
		132 = 81 , 82 , 86
		133 = 87 , 86 , 82
		134 = 82 , 83 , 87
		135 = 88 , 87 , 83
		136 = 83 , 84 , 88
		137 = 89 , 15 , 10
		138 = 10 , 85 , 89
		139 = 90 , 89 , 85
		140 = 85 , 86 , 90
		141 = 91 , 90 , 86
		142 = 86 , 87 , 91
		143 = 92 , 91 , 87
		144 = 87 , 88 , 92
		145 = 93 , 20 , 15
		146 = 15 , 89 , 93
		147 = 94 , 93 , 89
		148 = 89 , 90 , 94
		149 = 95 , 94 , 90
		150 = 90 , 91 , 95
		151 = 96 , 95 , 91
		152 = 91 , 92 , 96
		153 = 97 , 25 , 20
		154 = 20 , 93 , 97
		155 = 98 , 97 , 93
		156 = 93 , 94 , 98
		157 = 99 , 98 , 94
		158 = 94 , 95 , 99
		159 = 100 , 99 , 95
		160 = 95 , 96 , 100
		161 = 101 , 30 , 25
		162 = 25 , 97 , 101
		163 = 102 , 101 , 97
		164 = 97 , 98 , 102
		165 = 103 , 102 , 98
		166 = 98 , 99 , 103
		167 = 104 , 103 , 99
		168 = 99 , 100 , 104
		169 = 105 , 35 , 30
		170 = 30 , 101 , 105
		171 = 106 , 105 , 101
		172 = 101 , 102 , 106
		173 = 107 , 106 , 102
		174 = 102 , 103 , 107
		175 = 108 , 107 , 103
		176 = 103 , 104 , 108
		177 = 109 , 40 , 35
		178 = 35 , 105 , 109
		179 = 110 , 109 , 105
		180 = 105 , 106 , 110
		181 = 111 , 110 , 106
		182 = 106 , 107 , 111
		183 = 112 , 111 , 107
		184 = 107 , 108 , 112
		185 = 113 , 45 , 40
		186 = 40 , 109 , 113
		187 = 114 , 113 , 109
		188 = 109 , 110 , 114
		189 = 115 , 114 , 110
		190 = 110 , 111 , 115
		191 = 116 , 115 , 111
		192 = 111 , 112 , 116
		193 = 117 , 50 , 45
		194 = 45 , 113 , 117
		195 = 118 , 117 , 113
		196 = 113 , 114 , 118
		197 = 119 , 118 , 114
		198 = 114 , 115 , 119
		199 = 120 , 119 , 115
		200 = 115 , 116 , 120
		201 = 121 , 55 , 50
		202 = 50 , 117 , 121
		203 = 122 , 121 , 117
		204 = 117 , 118 , 122
		205 = 123 , 122 , 118
		206 = 118 , 119 , 123
		207 = 124 , 123 , 119
		208 = 119 , 120 , 124
		209 = 125 , 60 , 55
		210 = 55 , 121 , 125
		211 = 126 , 125 , 121
		212 = 121 , 122 , 126
		213 = 127 , 126 , 122
		214 = 122 , 123 , 127
		215 = 128 , 127 , 123
		216 = 123 , 124 , 128
		217 = 129 , 65 , 60
		218 = 60 , 125 , 129
		219 = 130 , 129 , 125
		220 = 125 , 126 , 130
		221 = 131 , 130 , 126
		222 = 126 , 127 , 131
		223 = 132 , 131 , 127
		224 = 127 , 128 , 132
		225 = 133 , 70 , 65
		226 = 65 , 129 , 133
		227 = 134 , 133 , 129
		228 = 129 , 130 , 134
		229 = 135 , 134 , 130
		230 = 130 , 131 , 135
		231 = 136 , 135 , 131
		232 = 131 , 132 , 136
		233 = 137 , 75 , 70
		234 = 70 , 133 , 137
		235 = 138 , 137 , 133
		236 = 133 , 134 , 138
		237 = 139 , 138 , 134
		238 = 134 , 135 , 139
		239 = 140 , 139 , 135
		240 = 135 , 136 , 140
		241 = 141 , 80 , 75
		242 = 75 , 137 , 141
		243 = 142 , 141 , 137
		244 = 137 , 138 , 142
		245 = 143 , 142 , 138
		246 = 138 , 139 , 143
		247 = 144 , 143 , 139
		248 = 139 , 140 , 144
		249 = 81 , 5 , 80
		250 = 80 , 141 , 81
		251 = 82 , 81 , 141
		252 = 141 , 142 , 82
		253 = 83 , 82 , 142
		254 = 142 , 143 , 83
		255 = 84 , 83 , 143
		256 = 143 , 144 , 84
		257 = 149 , 88 , 84
		258 = 84 , 145 , 149
		259 = 150 , 149 , 145
		260 = 145 , 146 , 150
		261 = 151 , 150 , 146
		262 = 146 , 147 , 151
		263 = 152 , 151 , 147
		264 = 147 , 148 , 152
		265 = 153 , 92 , 88
		266 = 88 , 149 , 153
		267 = 154 , 153 , 149
		268 = 149 , 150 , 154
		269 = 155 , 154 , 150
		270 = 150 , 151 , 155
		271 = 156 , 155 , 151
		272 = 151 , 152 , 156
		273 = 157 , 96 , 92
		274 = 92 , 153 , 157
		275 = 158 , 157 , 153
		276 = 153 , 154 , 158
		277 = 159 , 158 , 154
		278 = 154 , 155 , 159
		279 = 160 , 159 , 155
		280 = 155 , 156 , 160
		281 = 161 , 100 , 96
		282 = 96 , 157 , 161
		283 = 162 , 161 , 157
		284 = 157 , 158 , 162
		285 = 163 , 162 , 158
		286 = 158 , 159 , 163
		287 = 164 , 163 , 159
		288 = 159 , 160 , 164
		289 = 165 , 104 , 100
		290 = 100 , 161 , 165
		291 = 166 , 165 , 161
		292 = 161 , 162 , 166
		293 = 167 , 166 , 162
		294 = 162 , 163 , 167
		295 = 168 , 167 , 163
		296 = 163 , 164 , 168
		297 = 169 , 108 , 104
		298 = 104 , 165 , 169
		299 = 170 , 169 , 165
		300 = 165 , 166 , 170
		301 = 171 , 170 , 166
		302 = 166 , 167 , 171
		303 = 172 , 171 , 167
		304 = 167 , 168 , 172
		305 = 173 , 112 , 108
		306 = 108 , 169 , 173
		307 = 174 , 173 , 169
		308 = 169 , 170 , 174
		309 = 175 , 174 , 170
		310 = 170 , 171 , 175
		311 = 176 , 175 , 171
		312 = 171 , 172 , 176
		313 = 177 , 116 , 112
		314 = 112 , 173 , 177
		315 = 178 , 177 , 173
		316 = 173 , 174 , 178
		317 = 179 , 178 , 174
		318 = 174 , 175 , 179
		319 = 180 , 179 , 175
		320 = 175 , 176 , 180
		321 = 181 , 120 , 116
		322 = 116 , 177 , 181
		323 = 182 , 181 , 177
		324 = 177 , 178 , 182
		325 = 183 , 182 , 178
		326 = 178 , 179 , 183
		327 = 184 , 183 , 179
		328 = 179 , 180 , 184
		329 = 185 , 124 , 120
		330 = 120 , 181 , 185
		331 = 186 , 185 , 181
		332 = 181 , 182 , 186
		333 = 187 , 186 , 182
		334 = 182 , 183 , 187
		335 = 188 , 187 , 183
		336 = 183 , 184 , 188
		337 = 189 , 128 , 124
		338 = 124 , 185 , 189
		339 = 190 , 189 , 185
		340 = 185 , 186 , 190
		341 = 191 , 190 , 186
		342 = 186 , 187 , 191
		343 = 192 , 191 , 187
		344 = 187 , 188 , 192
		345 = 193 , 132 , 128
		346 = 128 , 189 , 193
		347 = 194 , 193 , 189
		348 = 189 , 190 , 194
		349 = 195 , 194 , 190
		350 = 190 , 191 , 195
		351 = 196 , 195 , 191
		352 = 191 , 192 , 196
		353 = 197 , 136 , 132
		354 = 132 , 193 , 197
		355 = 198 , 197 , 193
		356 = 193 , 194 , 198
		357 = 199 , 198 , 194
		358 = 194 , 195 , 199
		359 = 200 , 199 , 195
		360 = 195 , 196 , 200
		361 = 201 , 140 , 136
		362 = 136 , 197 , 201
		363 = 202 , 201 , 197
		364 = 197 , 198 , 202
		365 = 203 , 202 , 198
		366 = 198 , 199 , 203
		367 = 204 , 203 , 199
		368 = 199 , 200 , 204
		369 = 205 , 144 , 140
		370 = 140 , 201 , 205
		371 = 206 , 205 , 201
		372 = 201 , 202 , 206
		373 = 207 , 206 , 202
		374 = 202 , 203 , 207
		375 = 208 , 207 , 203
		376 = 203 , 204 , 208
		377 = 145 , 84 , 144
		378 = 144 , 205 , 145
		379 = 146 , 145 , 205
		380 = 205 , 206 , 146
		381 = 147 , 146 , 206
		382 = 206 , 207 , 147
		383 = 148 , 147 , 207
		384 = 207 , 208 , 148
		385 = 213 , 152 , 148
		386 = 148 , 209 , 213
		387 = 214 , 213 , 209
		388 = 209 , 210 , 214
		389 = 215 , 214 , 210
		390 = 210 , 211 , 215
		391 = 212 , 215 , 211
		392 = 211 , 212 , 212
		393 = 216 , 156 , 152
		394 = 152 , 213 , 216
		395 = 217 , 216 , 213
		396 = 213 , 214 , 217
		397 = 218 , 217 , 214
		398 = 214 , 215 , 218
		399 = 212 , 218 , 215
		400 = 215 , 212 , 212
		401 = 219 , 160 , 156
		402 = 156 , 216 , 219
		403 = 220 , 219 , 216
		404 = 216 , 217 , 220
		405 = 221 , 220 , 217
		406 = 217 , 218 , 221
		407 = 212 , 221 , 218
		408 = 218 , 212 , 212
		409 = 222 , 164 , 160
		410 = 160 , 219 , 222
		411 = 223 , 222 , 219
		412 = 219 , 220 , 223
		413 = 224 , 223 , 220
		414 = 220 , 221 , 224
		415 = 212 , 224 , 221
		416 = 221 , 212 , 212
		417 = 225 , 168 , 164
		418 = 164 , 222 , 225
		419 = 226 , 225 , 222
		420 = 222 , 223 , 226
		421 = 227 , 226 , 223
		422 = 223 , 224 , 227
		423 = 212 , 227 , 224
		424 = 224 , 212 , 212
		425 = 228 , 172 , 168
		426 = 168 , 225 , 228
		427 = 229 , 228 , 225
		428 = 225 , 226 , 229
		429 = 230 , 229 , 226
		430 = 226 , 227 , 230
		431 = 212 , 230 , 227
		432 = 227 , 212 , 212
		433 = 231 , 176 , 172
		434 = 172 , 228 , 231
		435 = 232 , 231 , 228
		436 = 228 , 229 , 232
		437 = 233 , 232 , 229
		438 = 229 , 230 , 233
		439 = 212 , 233 , 230
		440 = 230 , 212 , 212
		441 = 234 , 180 , 176
		442 = 176 , 231 , 234
		443 = 235 , 234 , 231
		444 = 231 , 232 , 235
		445 = 236 , 235 , 232
		446 = 232 , 233 , 236
		447 = 212 , 236 , 233
		448 = 233 , 212 , 212
		449 = 237 , 184 , 180
		450 = 180 , 234 , 237
		451 = 238 , 237 , 234
		452 = 234 , 235 , 238
		453 = 239 , 238 , 235
		454 = 235 , 236 , 239
		455 = 212 , 239 , 236
		456 = 236 , 212 , 212
		457 = 240 , 188 , 184
		458 = 184 , 237 , 240
		459 = 241 , 240 , 237
		460 = 237 , 238 , 241
		461 = 242 , 241 , 238
		462 = 238 , 239 , 242
		463 = 212 , 242 , 239
		464 = 239 , 212 , 212
		465 = 243 , 192 , 188
		466 = 188 , 240 , 243
		467 = 244 , 243 , 240
		468 = 240 , 241 , 244
		469 = 245 , 244 , 241
		470 = 241 , 242 , 245
		471 = 212 , 245 , 242
		472 = 242 , 212 , 212
		473 = 246 , 196 , 192
		474 = 192 , 243 , 246
		475 = 247 , 246 , 243
		476 = 243 , 244 , 247
		477 = 248 , 247 , 244
		478 = 244 , 245 , 248
		479 = 212 , 248 , 245
		480 = 245 , 212 , 212
		481 = 249 , 200 , 196
		482 = 196 , 246 , 249
		483 = 250 , 249 , 246
		484 = 246 , 247 , 250
		485 = 251 , 250 , 247
		486 = 247 , 248 , 251
		487 = 212 , 251 , 248
		488 = 248 , 212 , 212
		489 = 252 , 204 , 200
		490 = 200 , 249 , 252
		491 = 253 , 252 , 249
		492 = 249 , 250 , 253
		493 = 254 , 253 , 250
		494 = 250 , 251 , 254
		495 = 212 , 254 , 251
		496 = 251 , 212 , 212
		497 = 255 , 208 , 204
		498 = 204 , 252 , 255
		499 = 256 , 255 , 252
		500 = 252 , 253 , 256
		501 = 257 , 256 , 253
		502 = 253 , 254 , 257
		503 = 212 , 257 , 254
		504 = 254 , 212 , 212
		505 = 209 , 148 , 208
		506 = 208 , 255 , 209
		507 = 210 , 209 , 255
		508 = 255 , 256 , 210
		509 = 211 , 210 , 256
		510 = 256 , 257 , 211
		511 = 212 , 211 , 257
		512 = 257 , 212 , 212
		513 = 264 , 263 , 258
		514 = 258 , 259 , 264
		515 = 265 , 264 , 259
		516 = 259 , 260 , 265
		517 = 266 , 265 , 260
		518 = 260 , 261 , 266
		519 = 267 , 266 , 261
		520 = 261 , 262 , 267
		521 = 269 , 268 , 263
		522 = 263 , 264 , 269
		523 = 270 , 269 , 264
		524 = 264 , 265 , 270
		525 = 271 , 270 , 265
		526 = 265 , 266 , 271
		527 = 272 , 271 , 266
		528 = 266 , 267 , 272
		529 = 274 , 273 , 268
		530 = 268 , 269 , 274
		531 = 275 , 274 , 269
		532 = 269 , 270 , 275
		533 = 276 , 275 , 270
		534 = 270 , 271 , 276
		535 = 277 , 276 , 271
		536 = 271 , 272 , 277
		537 = 279 , 278 , 273
		538 = 273 , 274 , 279
		539 = 280 , 279 , 274
		540 = 274 , 275 , 280
		541 = 281 , 280 , 275
		542 = 275 , 276 , 281
		543 = 282 , 281 , 276
		544 = 276 , 277 , 282
		545 = 284 , 283 , 278
		546 = 278 , 279 , 284
		547 = 285 , 284 , 279
		548 = 279 , 280 , 285
		549 = 286 , 285 , 280
		550 = 280 , 281 , 286
		551 = 287 , 286 , 281
		552 = 281 , 282 , 287
		553 = 289 , 288 , 283
		554 = 283 , 284 , 289
		555 = 290 , 289 , 284
		556 = 284 , 285 , 290
		557 = 291 , 290 , 285
		558 = 285 , 286 , 291
		559 = 292 , 291 , 286
		560 = 286 , 287 , 292
		561 = 294 , 293 , 288
		562 = 288 , 289 , 294
		563 = 295 , 294 , 289
		564 = 289 , 290 , 295
		565 = 296 , 295 , 290
		566 = 290 , 291 , 296
		567 = 297 , 296 , 291
		568 = 291 , 292 , 297
		569 = 259 , 258 , 293
		570 = 293 , 294 , 259
		571 = 260 , 259 , 294
		572 = 294 , 295 , 260
		573 = 261 , 260 , 295
		574 = 295 , 296 , 261
		575 = 262 , 261 , 296
		576 = 296 , 297 , 262
		577 = 302 , 267 , 262
		578 = 262 , 298 , 302
		579 = 303 , 302 , 298
		580 = 298 , 299 , 303
		581 = 304 , 303 , 299
		582 = 299 , 300 , 304
		583 = 305 , 304 , 300
		584 = 300 , 301 , 305
		585 = 306 , 272 , 267
		586 = 267 , 302 , 306
		587 = 307 , 306 , 302
		588 = 302 , 303 , 307
		589 = 308 , 307 , 303
		590 = 303 , 304 , 308
		591 = 309 , 308 , 304
		592 = 304 , 305 , 309
		593 = 310 , 277 , 272
		594 = 272 , 306 , 310
		595 = 311 , 310 , 306
		596 = 306 , 307 , 311
		597 = 312 , 311 , 307
		598 = 307 , 308 , 312
		599 = 313 , 312 , 308
		600 = 308 , 309 , 313
		601 = 314 , 282 , 277
		602 = 277 , 310 , 314
		603 = 315 , 314 , 310
		604 = 310 , 311 , 315
		605 = 316 , 315 , 311
		606 = 311 , 312 , 316
		607 = 317 , 316 , 312
		608 = 312 , 313 , 317
		609 = 318 , 287 , 282
		610 = 282 , 314 , 318
		611 = 319 , 318 , 314
		612 = 314 , 315 , 319
		613 = 320 , 319 , 315
		614 = 315 , 316 , 320
		615 = 321 , 320 , 316
		616 = 316 , 317 , 321
		617 = 322 , 292 , 287
		618 = 287 , 318 , 322
		619 = 323 , 322 , 318
		620 = 318 , 319 , 323
		621 = 324 , 323 , 319
		622 = 319 , 320 , 324
		623 = 325 , 324 , 320
		624 = 320 , 321 , 325
		625 = 326 , 297 , 292
		626 = 292 , 322 , 326
		627 = 327 , 326 , 322
		628 = 322 , 323 , 327
		629 = 328 , 327 , 323
		630 = 323 , 324 , 328
		631 = 329 , 328 , 324
		632 = 324 , 325 , 329
		633 = 298 , 262 , 297
		634 = 297 , 326 , 298
		635 = 299 , 298 , 326
		636 = 326 , 327 , 299
		637 = 300 , 299 , 327
		638 = 327 , 328 , 300
		639 = 301 , 300 , 328
		640 = 328 , 329 , 301
		641 = 336 , 335 , 330
		642 = 330 , 331 , 336
		643 = 337 , 336 , 331
		644 = 331 , 332 , 337
		645 = 338 , 337 , 332
		646 = 332 , 333 , 338
		647 = 339 , 338 , 333
		648 = 333 , 334 , 339
		649 = 341 , 340 , 335
		650 = 335 , 336 , 341
		651 = 342 , 341 , 336
		652 = 336 , 337 , 342
		653 = 343 , 342 , 337
		654 = 337 , 338 , 343
		655 = 344 , 343 , 338
		656 = 338 , 339 , 344
		657 = 346 , 345 , 340
		658 = 340 , 341 , 346
		659 = 347 , 346 , 341
		660 = 341 , 342 , 347
		661 = 348 , 347 , 342
		662 = 342 , 343 , 348
		663 = 349 , 348 , 343
		664 = 343 , 344 , 349
		665 = 351 , 350 , 345
		666 = 345 , 346 , 351
		667 = 352 , 351 , 346
		668 = 346 , 347 , 352
		669 = 353 , 352 , 347
		670 = 347 , 348 , 353
		671 = 354 , 353 , 348
		672 = 348 , 349 , 354
		673 = 356 , 355 , 350
		674 = 350 , 351 , 356
		675 = 357 , 356 , 351
		676 = 351 , 352 , 357
		677 = 358 , 357 , 352
		678 = 352 , 353 , 358
		679 = 359 , 358 , 353
		680 = 353 , 354 , 359
		681 = 361 , 360 , 355
		682 = 355 , 356 , 361
		683 = 362 , 361 , 356
		684 = 356 , 357 , 362
		685 = 363 , 362 , 357
		686 = 357 , 358 , 363
		687 = 364 , 363 , 358
		688 = 358 , 359 , 364
		689 = 366 , 365 , 360
		690 = 360 , 361 , 366
		691 = 367 , 366 , 361
		692 = 361 , 362 , 367
		693 = 368 , 367 , 362
		694 = 362 , 363 , 368
		695 = 369 , 368 , 363
		696 = 363 , 364 , 369
		697 = 331 , 330 , 365
		698 = 365 , 366 , 331
		699 = 332 , 331 , 366
		700 = 366 , 367 , 332
		701 = 333 , 332 , 367
		702 = 367 , 368 , 333
		703 = 334 , 333 , 368
		704 = 368 , 369 , 334
		705 = 374 , 339 , 334
		706 = 334 , 370 , 374
		707 = 375 , 374 , 370
		708 = 370 , 371 , 375
		709 = 376 , 375 , 371
		710 = 371 , 372 , 376
		711 = 377 , 376 , 372
		712 = 372 , 373 , 377
		713 = 378 , 344 , 339
		714 = 339 , 374 , 378
		715 = 379 , 378 , 374
		716 = 374 , 375 , 379
		717 = 380 , 379 , 375
		718 = 375 , 376 , 380
		719 = 381 , 380 , 376
		720 = 376 , 377 , 381
		721 = 382 , 349 , 344
		722 = 344 , 378 , 382
		723 = 383 , 382 , 378
		724 = 378 , 379 , 383
		725 = 384 , 383 , 379
		726 = 379 , 380 , 384
		727 = 385 , 384 , 380
		728 = 380 , 381 , 385
		729 = 386 , 354 , 349
		730 = 349 , 382 , 386
		731 = 387 , 386 , 382
		732 = 382 , 383 , 387
		733 = 388 , 387 , 383
		734 = 383 , 384 , 388
		735 = 389 , 388 , 384
		736 = 384 , 385 , 389
		737 = 390 , 359 , 354
		738 = 354 , 386 , 390
		739 = 391 , 390 , 386
		740 = 386 , 387 , 391
		741 = 392 , 391 , 387
		742 = 387 , 388 , 392
		743 = 393 , 392 , 388
		744 = 388 , 389 , 393
		745 = 394 , 364 , 359
		746 = 359 , 390 , 394
		747 = 395 , 394 , 390
		748 = 390 , 391 , 395
		749 = 396 , 395 , 391
		750 = 391 , 392 , 396
		751 = 397 , 396 , 392
		752 = 392 , 393 , 397
		753 = 398 , 369 , 364
		754 = 364 , 394 , 398
		755 = 399 , 398 , 394
		756 = 394 , 395 , 399
		757 = 400 , 399 , 395
		758 = 395 , 396 , 400
		759 = 401 , 400 , 396
		760 = 396 , 397 , 401
		761 = 370 , 334 , 369
		762 = 369 , 398 , 370
		763 = 371 , 370 , 398
		764 = 398 , 399 , 371
		765 = 372 , 371 , 399
		766 = 399 , 400 , 372
		767 = 373 , 372 , 400
		768 = 400 , 401 , 373
		769 = 407 , 402 , 402
		770 = 402 , 403 , 407
		771 = 408 , 407 , 403
		772 = 403 , 404 , 408
		773 = 409 , 408 , 404
		774 = 404 , 405 , 409
		775 = 410 , 409 , 405
		776 = 405 , 406 , 410
		777 = 411 , 402 , 402
		778 = 402 , 407 , 411
		779 = 412 , 411 , 407
		780 = 407 , 408 , 412
		781 = 413 , 412 , 408
		782 = 408 , 409 , 413
		783 = 414 , 413 , 409
		784 = 409 , 410 , 414
		785 = 415 , 402 , 402
		786 = 402 , 411 , 415
		787 = 416 , 415 , 411
		788 = 411 , 412 , 416
		789 = 417 , 416 , 412
		790 = 412 , 413 , 417
		791 = 418 , 417 , 413
		792 = 413 , 414 , 418
		793 = 419 , 402 , 402
		794 = 402 , 415 , 419
		795 = 420 , 419 , 415
		796 = 415 , 416 , 420
		797 = 421 , 420 , 416
		798 = 416 , 417 , 421
		799 = 422 , 421 , 417
		800 = 417 , 418 , 422
		801 = 423 , 402 , 402
		802 = 402 , 419 , 423
		803 = 424 , 423 , 419
		804 = 419 , 420 , 424
		805 = 425 , 424 , 420
		806 = 420 , 421 , 425
		807 = 426 , 425 , 421
		808 = 421 , 422 , 426
		809 = 427 , 402 , 402
		810 = 402 , 423 , 427
		811 = 428 , 427 , 423
		812 = 423 , 424 , 428
		813 = 429 , 428 , 424
		814 = 424 , 425 , 429
		815 = 430 , 429 , 425
		816 = 425 , 426 , 430
		817 = 431 , 402 , 402
		818 = 402 , 427 , 431
		819 = 432 , 431 , 427
		820 = 427 , 428 , 432
		821 = 433 , 432 , 428
		822 = 428 , 429 , 433
		823 = 434 , 433 , 429
		824 = 429 , 430 , 434
		825 = 435 , 402 , 402
		826 = 402 , 431 , 435
		827 = 436 , 435 , 431
		828 = 431 , 432 , 436
		829 = 437 , 436 , 432
		830 = 432 , 433 , 437
		831 = 438 , 437 , 433
		832 = 433 , 434 , 438
		833 = 439 , 402 , 402
		834 = 402 , 435 , 439
		835 = 440 , 439 , 435
		836 = 435 , 436 , 440
		837 = 441 , 440 , 436
		838 = 436 , 437 , 441
		839 = 442 , 441 , 437
		840 = 437 , 438 , 442
		841 = 443 , 402 , 402
		842 = 402 , 439 , 443
		843 = 444 , 443 , 439
		844 = 439 , 440 , 444
		845 = 445 , 444 , 440
		846 = 440 , 441 , 445
		847 = 446 , 445 , 441
		848 = 441 , 442 , 446
		849 = 447 , 402 , 402
		850 = 402 , 443 , 447
		851 = 448 , 447 , 443
		852 = 443 , 444 , 448
		853 = 449 , 448 , 444
		854 = 444 , 445 , 449
		855 = 450 , 449 , 445
		856 = 445 , 446 , 450
		857 = 451 , 402 , 402
		858 = 402 , 447 , 451
		859 = 452 , 451 , 447
		860 = 447 , 448 , 452
		861 = 453 , 452 , 448
		862 = 448 , 449 , 453
		863 = 454 , 453 , 449
		864 = 449 , 450 , 454
		865 = 455 , 402 , 402
		866 = 402 , 451 , 455
		867 = 456 , 455 , 451
		868 = 451 , 452 , 456
		869 = 457 , 456 , 452
		870 = 452 , 453 , 457
		871 = 458 , 457 , 453
		872 = 453 , 454 , 458
		873 = 459 , 402 , 402
		874 = 402 , 455 , 459
		875 = 460 , 459 , 455
		876 = 455 , 456 , 460
		877 = 461 , 460 , 456
		878 = 456 , 457 , 461
		879 = 462 , 461 , 457
		880 = 457 , 458 , 462
		881 = 463 , 402 , 402
		882 = 402 , 459 , 463
		883 = 464 , 463 , 459
		884 = 459 , 460 , 464
		885 = 465 , 464 , 460
		886 = 460 , 461 , 465
		887 = 466 , 465 , 461
		888 = 461 , 462 , 466
		889 = 403 , 402 , 402
		890 = 402 , 463 , 403
		891 = 404 , 403 , 463
		892 = 463 , 464 , 404
		893 = 405 , 404 , 464
		894 = 464 , 465 , 405
		895 = 406 , 405 , 465
		896 = 465 , 466 , 406
		897 = 471 , 410 , 406
		898 = 406 , 467 , 471
		899 = 472 , 471 , 467
		900 = 467 , 468 , 472
		901 = 473 , 472 , 468
		902 = 468 , 469 , 473
		903 = 474 , 473 , 469
		904 = 469 , 470 , 474
		905 = 475 , 414 , 410
		906 = 410 , 471 , 475
		907 = 476 , 475 , 471
		908 = 471 , 472 , 476
		909 = 477 , 476 , 472
		910 = 472 , 473 , 477
		911 = 478 , 477 , 473
		912 = 473 , 474 , 478
		913 = 479 , 418 , 414
		914 = 414 , 475 , 479
		915 = 480 , 479 , 475
		916 = 475 , 476 , 480
		917 = 481 , 480 , 476
		918 = 476 , 477 , 481
		919 = 482 , 481 , 477
		920 = 477 , 478 , 482
		921 = 483 , 422 , 418
		922 = 418 , 479 , 483
		923 = 484 , 483 , 479
		924 = 479 , 480 , 484
		925 = 485 , 484 , 480
		926 = 480 , 481 , 485
		927 = 486 , 485 , 481
		928 = 481 , 482 , 486
		929 = 487 , 426 , 422
		930 = 422 , 483 , 487
		931 = 488 , 487 , 483
		932 = 483 , 484 , 488
		933 = 489 , 488 , 484
		934 = 484 , 485 , 489
		935 = 490 , 489 , 485
		936 = 485 , 486 , 490
		937 = 491 , 430 , 426
		938 = 426 , 487 , 491
		939 = 492 , 491 , 487
		940 = 487 , 488 , 492
		941 = 493 , 492 , 488
		942 = 488 , 489 , 493
		943 = 494 , 493 , 489
		944 = 489 , 490 , 494
		945 = 495 , 434 , 430
		946 = 430 , 491 , 495
		947 = 496 , 495 , 491
		948 = 491 , 492 , 496
		949 = 497 , 496 , 492
		950 = 492 , 493 , 497
		951 = 498 , 497 , 493
		952 = 493 , 494 , 498
		953 = 499 , 438 , 434
		954 = 434 , 495 , 499
		955 = 500 , 499 , 495
		956 = 495 , 496 , 500
		957 = 501 , 500 , 496
		958 = 496 , 497 , 501
		959 = 502 , 501 , 497
		960 = 497 , 498 , 502
		961 = 503 , 442 , 438
		962 = 438 , 499 , 503
		963 = 504 , 503 , 499
		964 = 499 , 500 , 504
		965 = 505 , 504 , 500
		966 = 500 , 501 , 505
		967 = 506 , 505 , 501
		968 = 501 , 502 , 506
		969 = 507 , 446 , 442
		970 = 442 , 503 , 507
		971 = 508 , 507 , 503
		972 = 503 , 504 , 508
		973 = 509 , 508 , 504
		974 = 504 , 505 , 509
		975 = 510 , 509 , 505
		976 = 505 , 506 , 510
		977 = 511 , 450 , 446
		978 = 446 , 507 , 511
		979 = 512 , 511 , 507
		980 = 507 , 508 , 512
		981 = 513 , 512 , 508
		982 = 508 , 509 , 513
		983 = 514 , 513 , 509
		984 = 509 , 510 , 514
		985 = 515 , 454 , 450
		986 = 450 , 511 , 515
		987 = 516 , 515 , 511
		988 = 511 , 512 , 516
		989 = 517 , 516 , 512
		990 = 512 , 513 , 517
		991 = 518 , 517 , 513
		992 = 513 , 514 , 518
		993 = 519 , 458 , 454
		994 = 454 , 515 , 519
		995 = 520 , 519 , 515
		996 = 515 , 516 , 520
		997 = 521 , 520 , 516
		998 = 516 , 517 , 521
		999 = 522 , 521 , 517
		1000 = 517 , 518 , 522
		1001 = 523 , 462 , 458
		1002 = 458 , 519 , 523
		1003 = 524 , 523 , 519
		1004 = 519 , 520 , 524
		1005 = 525 , 524 , 520
		1006 = 520 , 521 , 525
		1007 = 526 , 525 , 521
		1008 = 521 , 522 , 526
		1009 = 527 , 466 , 462
		1010 = 462 , 523 , 527
		1011 = 528 , 527 , 523
		1012 = 523 , 524 , 528
		1013 = 529 , 528 , 524
		1014 = 524 , 525 , 529
		1015 = 530 , 529 , 525
		1016 = 525 , 526 , 530
		1017 = 467 , 406 , 466
		1018 = 466 , 527 , 467
		1019 = 468 , 467 , 527
		1020 = 527 , 528 , 468
		1021 = 469 , 468 , 528
		1022 = 528 , 529 , 469
		1023 = 470 , 469 , 529
		1024 = 529 , 530 , 470
.objectend
	scale = 1.0 , 1.0 , 1.0

.end_masterdefs

.instancedefs
no_instances = 2

###########
# Teapots #
###########
master_no = 1
	location = -100.0 , 20.0 , 0.0
	scale = 1.0 , 1.0 , 1.0
	angle = -45.0 , 0.0 , 0.0
	color = RED
	specularity = 25.0 %
	style = SOLID
	outcome = "solid"

master_no = 1
	location = 100.0 , 20.0 , 0.0
	scale = 1.0 , 1.0 , 1.0
	angle = -45.0 , 180.0 , 0.0
	color = BLUE
	specularity = 25.0 %
	style = SOLID
	outcome = "solid"

.end_instancedefs
